## theme.R

# Define palettes ---------------------------
palette <- c(
    "#00A09A", "#2CA0D9", "#00AE46", "#FFA400", "#FF747E", "#003A68" # use for TASA branding
)
palette_extended <- c(
    "#00A09A", "#2CA0D9", "#00AE46", "#FFA400", "#FF747E", "#003A68", # use for visualizations
    "#7300a0", "#2cd9d0", "#edf04b", "#ff7b00", "#ff74e1", "#680000",
    "#b4e9e7", "#b8ddf0", "#b7eccc", "#f5efe3", "#ecbdc0", "#6c8396",
    "#e0c8e9", "#809e9d", "#eff0c2", "#e9bd93", "#b694af", "#b47e7e"
)
